0.000000000000000000e+00 1.188359997366515361e-02 3.006003242627404148e-01 2.855790470179868368e-02 1.277255724842624217e-03 2.228477597935726948e-03 1.626016260162601104e-02 4.166666666666668517e-02
0.000000000000000000e+00 0.000000000000000000e+00 0.000000000000000000e+00 0.000000000000000000e+00 0.000000000000000000e+00 1.693642974431152082e-01 5.792682926829265805e-02 4.166666666666668517e-02
0.000000000000000000e+00 0.000000000000000000e+00 0.000000000000000000e+00 0.000000000000000000e+00 0.000000000000000000e+00 0.000000000000000000e+00 5.081300813008128234e-03 4.166666666666668517e-02
3.480524489008870320e-02 2.258871551780894105e-01 3.959072783839445719e-02 3.234458819816978144e-03 4.409573335766202784e-04 3.753225428102276943e-03 1.626016260162601104e-02 4.166666666666668517e-02
0.000000000000000000e+00 0.000000000000000000e+00 0.000000000000000000e+00 0.000000000000000000e+00 0.000000000000000000e+00 2.228477597935726515e-03 7.723577235772355332e-02 4.166666666666668517e-02
0.000000000000000000e+00 0.000000000000000000e+00 0.000000000000000000e+00 0.000000000000000000e+00 0.000000000000000000e+00 3.518648838845884227e-04 4.065040650406502760e-03 4.166666666666668517e-02
0.000000000000000000e+00 0.000000000000000000e+00 1.581876341965732929e-02 3.607867886820237957e-01 2.201745582823951691e-02 1.583391977480648125e-02 1.626016260162601104e-02 4.166666666666668517e-02
0.000000000000000000e+00 0.000000000000000000e+00 2.190964462556417374e-05 9.992637004312614028e-04 2.085880242070370927e-01 1.693642974431152082e-01 9.654471544715442777e-02 4.166666666666668517e-02
0.000000000000000000e+00 0.000000000000000000e+00 0.000000000000000000e+00 4.996318502156307014e-04 5.489158531764134520e-03 2.228477597935726948e-03 3.048780487804877287e-03 4.166666666666668517e-02
0.000000000000000000e+00 0.000000000000000000e+00 4.162832478857192604e-04 9.493005154096982243e-03 8.667092418574951981e-04 5.864414731409807588e-04 1.626016260162601104e-02 4.166666666666668517e-02
0.000000000000000000e+00 0.000000000000000000e+00 0.000000000000000000e+00 0.000000000000000000e+00 2.889030806191650118e-04 4.456955195871453029e-03 1.158536585365853161e-01 4.166666666666668517e-02
0.000000000000000000e+00 0.000000000000000000e+00 0.000000000000000000e+00 0.000000000000000000e+00 3.041085059149105602e-05 2.345765892563923089e-04 2.032520325203251380e-03 4.166666666666668517e-02
2.783134078930454836e-02 3.489367305286721847e-03 3.549362429341395685e-03 5.424424108551593182e-01 1.128242556944318055e-02 1.301900070372976996e-02 1.626016260162601104e-02 4.166666666666668517e-02
0.000000000000000000e+00 0.000000000000000000e+00 0.000000000000000000e+00 1.898601030819396449e-02 3.128820363105556113e-01 2.540464461646728123e-01 1.351626016260162322e-01 4.166666666666668517e-02
0.000000000000000000e+00 0.000000000000000000e+00 2.190964462556417035e-05 0.000000000000000000e+00 5.489158531764134520e-03 0.000000000000000000e+00 1.016260162601625690e-03 4.166666666666668517e-02
3.952950250674893383e-03 4.707354006188690584e-03 6.022304018228823441e-01 2.900494372567582330e-02 1.109996046589423321e-03 1.524747830166549648e-02 1.626016260162601104e-02 4.166666666666668517e-02
0.000000000000000000e+00 0.000000000000000000e+00 2.190964462556417374e-05 0.000000000000000000e+00 4.171760484140741854e-01 1.693642974431152082e-01 1.158536585365853161e-01 4.166666666666668517e-02
0.000000000000000000e+00 0.000000000000000000e+00 0.000000000000000000e+00 0.000000000000000000e+00 0.000000000000000000e+00 0.000000000000000000e+00 2.032520325203251380e-03 4.166666666666668517e-02
2.680293096799074570e-01 3.920600434524985217e-02 3.001621313702291030e-03 2.761123382770591141e-03 4.865736094638570047e-04 2.228477597935726948e-03 1.626016260162601104e-02 4.166666666666668517e-02
0.000000000000000000e+00 0.000000000000000000e+00 4.162832478857193146e-04 0.000000000000000000e+00 5.489158531764135387e-03 0.000000000000000000e+00 1.351626016260162322e-01 4.166666666666668517e-02
0.000000000000000000e+00 0.000000000000000000e+00 0.000000000000000000e+00 0.000000000000000000e+00 0.000000000000000000e+00 1.172882946281961545e-04 1.016260162601625690e-03 4.166666666666668517e-02
6.653811543900244319e-01 7.148265191915201822e-01 3.428859383900792479e-02 3.234458819816978144e-03 1.596569656053280434e-03 3.753225428102276943e-03 1.626016260162601104e-02 4.166666666666668517e-02
0.000000000000000000e+00 0.000000000000000000e+00 2.190964462556417374e-05 0.000000000000000000e+00 5.489158531764133653e-03 1.693642974431152082e-01 1.158536585365853161e-01 4.166666666666668517e-02
0.000000000000000000e+00 0.000000000000000000e+00 0.000000000000000000e+00 0.000000000000000000e+00 0.000000000000000000e+00 2.228477597935726948e-03 2.032520325203251380e-03 4.166666666666668517e-02
